do local ScreenGui=Instance.new("ScreenGui");ScreenGui.Parent=game.Players.LocalPlayer:WaitForChild("PlayerGui");local Frame=Instance.new("Frame");Frame.Size=UDim2.new(0,200,0,340);Frame.Position=UDim2.new(0.5, -100,0.5, -170);Frame.BackgroundColor3=Color3.new(0,0,0);Frame.BorderSizePixel=2;Frame.BorderColor3=Color3.new(1,1,1);Frame.Active=true;Frame.Draggable=true;Frame.Parent=ScreenGui;local TitleBar=Instance.new("TextLabel");TitleBar.Size=UDim2.new(1,0,0,25);TitleBar.BackgroundTransparency=1;TitleBar.Text="love your mind wrld";TitleBar.TextColor3=Color3.new(1,1,1);TitleBar.Font=Enum.Font.SourceSansBold;TitleBar.TextSize=18;TitleBar.Parent=Frame;local YTLabel=Instance.new("TextLabel");YTLabel.Size=UDim2.new(0,100,0,20);YTLabel.Position=UDim2.new(0,0,1, -25);YTLabel.BackgroundTransparency=1;YTLabel.Text="Yt: oxireun";YTLabel.TextColor3=Color3.new(1,1,1);YTLabel.Font=Enum.Font.SourceSans;YTLabel.TextSize=14;YTLabel.Parent=Frame;local CloseButton=Instance.new("TextButton");CloseButton.Size=UDim2.new(0,18,0,18);CloseButton.Position=UDim2.new(1, -25,0,3);CloseButton.BackgroundColor3=Color3.new(0,0,1);CloseButton.Text="X";CloseButton.TextColor3=Color3.new(1,1,1);CloseButton.Font=Enum.Font.SourceSansBold;CloseButton.TextSize=16;CloseButton.Parent=Frame;local MinimizeButton=Instance.new("TextButton");MinimizeButton.Size=UDim2.new(0,20,0,20);MinimizeButton.Position=UDim2.new(1, -55,0,0);MinimizeButton.BackgroundTransparency=1;MinimizeButton.Text="-";MinimizeButton.TextColor3=Color3.new(1,1,1);MinimizeButton.Font=Enum.Font.SourceSansBold;MinimizeButton.TextSize=18;MinimizeButton.Parent=Frame;local ScrollingFrame=Instance.new("ScrollingFrame");ScrollingFrame.Size=UDim2.new(1,0,1, -50);ScrollingFrame.Position=UDim2.new(0,0,0,25);ScrollingFrame.BackgroundTransparency=1;ScrollingFrame.ScrollBarThickness=8;ScrollingFrame.CanvasSize=UDim2.new(0,0,0,400);ScrollingFrame.Parent=Frame;local FirstButton=Instance.new("TextButton");FirstButton.Size=UDim2.new(0,140,0,35);FirstButton.Position=UDim2.new(0.5, -70,0,40);FirstButton.BackgroundColor3=Color3.new(0,0,1);FirstButton.Text="first";FirstButton.TextColor3=Color3.new(1,1,1);FirstButton.Font=Enum.Font.SourceSansBold;FirstButton.TextSize=16;FirstButton.Parent=ScrollingFrame;FirstButton.MouseButton1Click:Connect(function() local player=game.Players.LocalPlayer;if (player.Character and player.Character:FindFirstChild("HumanoidRootPart")) then player.Character.HumanoidRootPart.CFrame=CFrame.new(2688.81421, -68.4283981, -1723.8645, -0.331248343,1.0079166e-7,0.943543613, -6.673886e-10,1, -1.0705677e-7, -0.943543613, -3.6092086e-8, -0.331248343);end end);local Quest1Button=Instance.new("TextButton");Quest1Button.Size=UDim2.new(0,140,0,35);Quest1Button.Position=UDim2.new(0.5, -70,0,85);Quest1Button.BackgroundColor3=Color3.new(0,0,1);Quest1Button.Text="quest1";Quest1Button.TextColor3=Color3.new(1,1,1);Quest1Button.Font=Enum.Font.SourceSansBold;Quest1Button.TextSize=16;Quest1Button.Parent=ScrollingFrame;Quest1Button.MouseButton1Click:Connect(function() local player=game.Players.LocalPlayer;if (player.Character and player.Character:FindFirstChild("HumanoidRootPart")) then player.Character.HumanoidRootPart.CFrame=CFrame.new(2124.75439,118.915283, -2172.77515,0.899580956, -4.5601052e-8, -0.436754078,5.1817075e-8,1,2.318478e-9,0.436754078, -2.4716979e-8,0.899580956);end end);local Find1Button=Instance.new("TextButton");Find1Button.Size=UDim2.new(0,140,0,35);Find1Button.Position=UDim2.new(0.5, -70,0,130);Find1Button.BackgroundColor3=Color3.new(0,0,1);Find1Button.Text="find1";Find1Button.TextColor3=Color3.new(1,1,1);Find1Button.Font=Enum.Font.SourceSansBold;Find1Button.TextSize=16;Find1Button.Parent=ScrollingFrame;Find1Button.MouseButton1Click:Connect(function() local player=game.Players.LocalPlayer;if (player.Character and player.Character:FindFirstChild("HumanoidRootPart")) then local cframes={CFrame.new(2180.79443,117.47319, -2195.88403,0.601929843, -3.296347e-8, -0.798548996,6.0464407e-9,1, -3.6721524e-8,0.798548996,1.7275402e-8,0.601929843),CFrame.new(2245.25146,181.358078, -2288.16187,0.628098607, -3.7333322e-8, -0.77813375, -8.239462e-9,1, -5.4628803e-8,0.77813375,4.0723677e-8,0.628098607),CFrame.new(2286.79175,178.668457, -2359.55127,0.886624813, -2.340369e-8, -0.462489456, -2.0891129e-9,1, -5.4608705e-8,0.462489456,4.9383623e-8,0.886624813),CFrame.new(2380.9541,208.498627, -2513.25781,0.984477758, -2.4116831e-8, -0.175509527,1.3059825e-8,1, -6.415449e-8,0.175509527,6.086654e-8,0.984477758)};for _,cf in ipairs(cframes) do player.Character.HumanoidRootPart.CFrame=cf;wait(3);end end end);local Back1Button=Instance.new("TextButton");Back1Button.Size=UDim2.new(0,140,0,35);Back1Button.Position=UDim2.new(0.5, -70,0,175);Back1Button.BackgroundColor3=Color3.new(0,0,1);Back1Button.Text="back1";Back1Button.TextColor3=Color3.new(1,1,1);Back1Button.Font=Enum.Font.SourceSansBold;Back1Button.TextSize=16;Back1Button.Parent=ScrollingFrame;Back1Button.MouseButton1Click:Connect(function() local player=game.Players.LocalPlayer;if (player.Character and player.Character:FindFirstChild("HumanoidRootPart")) then player.Character.HumanoidRootPart.CFrame=CFrame.new(2127.55591,118.595184, -2175.48047,0.813831568, -1.3277395e-8,0.581100821, -4.4883087e-8,1,8.570745e-8, -0.581100821, -9.583303e-8,0.813831568);end end);local Quest2Button=Instance.new("TextButton");Quest2Button.Size=UDim2.new(0,140,0,35);Quest2Button.Position=UDim2.new(0.5, -70,0,220);Quest2Button.BackgroundColor3=Color3.new(0,0,1);Quest2Button.Text="quest2";Quest2Button.TextColor3=Color3.new(1,1,1);Quest2Button.Font=Enum.Font.SourceSansBold;Quest2Button.TextSize=16;Quest2Button.Parent=ScrollingFrame;Quest2Button.MouseButton1Click:Connect(function() local player=game.Players.LocalPlayer;if (player.Character and player.Character:FindFirstChild("HumanoidRootPart")) then player.Character.HumanoidRootPart.CFrame=CFrame.new(2565.20898,223.975952, -2691.05176,0.686918259, -8.826917e-8,0.726734698,7.010917e-8,1,5.5191943e-8, -0.726734698,1.303841e-8,0.686918259);end end);local Quest3Button=Instance.new("TextButton");Quest3Button.Size=UDim2.new(0,140,0,35);Quest3Button.Position=UDim2.new(0.5, -70,0,265);Quest3Button.BackgroundColor3=Color3.new(0,0,1);Quest3Button.Text="quest3";Quest3Button.TextColor3=Color3.new(1,1,1);Quest3Button.Font=Enum.Font.SourceSansBold;Quest3Button.TextSize=16;Quest3Button.Parent=ScrollingFrame;Quest3Button.MouseButton1Click:Connect(function() local player=game.Players.LocalPlayer;if (player.Character and player.Character:FindFirstChild("HumanoidRootPart")) then player.Character.HumanoidRootPart.CFrame=CFrame.new(2767.96094,347.916901, -3044.73975,0.429528654, -5.7022476e-8, -0.903053224,7.87681e-8,1, -2.5678794e-8,0.903053224, -6.010201e-8,0.429528654);end end);local Find3Button=Instance.new("TextButton");Find3Button.Size=UDim2.new(0,140,0,35);Find3Button.Position=UDim2.new(0.5, -70,0,310);Find3Button.BackgroundColor3=Color3.new(0,0,1);Find3Button.Text="find3";Find3Button.TextColor3=Color3.new(1,1,1);Find3Button.Font=Enum.Font.SourceSansBold;Find3Button.TextSize=16;Find3Button.Parent=ScrollingFrame;Find3Button.MouseButton1Click:Connect(function() local player=game.Players.LocalPlayer;if (player.Character and player.Character:FindFirstChild("HumanoidRootPart")) then local cframes={CFrame.new(2815.13721,351.368591, -3059.72363,0.138680324, -3.441401e-8, -0.990337193,9.632261e-9,1, -3.3400955e-8,0.990337193, -4.907131e-9,0.138680324),CFrame.new(2801.12671,350.675629, -3082.24585,0.834454298, -5.4438658e-8, -0.551077127, -1.6935153e-9,1, -1.01350274e-7,0.551077127,8.550543e-8,0.834454298),CFrame.new(2788.89795,351.302582, -3104.65186,0.941252112,2.6330119e-8,0.337704748, -1.0045885e-8,1, -4.9967934e-8, -0.337704748,4.363988e-8,0.941252112),CFrame.new(2748.79736,348.822815, -3032.0354, -0.0557622239, -5.571371e-8,0.99844408,1.6411882e-8,1,5.671712e-8, -0.99844408,1.9549018e-8, -0.0557622239)};for _,cf in ipairs(cframes) do player.Character.HumanoidRootPart.CFrame=cf;wait(7);end end end);local Quest4Button=Instance.new("TextButton");Quest4Button.Size=UDim2.new(0,140,0,35);Quest4Button.Position=UDim2.new(0.5, -70,0,355);Quest4Button.BackgroundColor3=Color3.new(0,0,1);Quest4Button.Text="Quest 4";Quest4Button.TextColor3=Color3.new(1,1,1);Quest4Button.Font=Enum.Font.SourceSansBold;Quest4Button.TextSize=16;Quest4Button.Parent=ScrollingFrame;Quest4Button.MouseButton1Click:Connect(function() local player=game.Players.LocalPlayer;if (player.Character and player.Character:FindFirstChild("HumanoidRootPart")) then player.Character.HumanoidRootPart.CFrame=CFrame.new(3149.24561,433.305573, -2919.79272,0.510524869, -9.949877e-8,0.859862983,4.8294115e-8,1,8.70411e-8, -0.859862983, -2.9103222e-9,0.510524869);end end);local Quest5Button=Instance.new("TextButton");Quest5Button.Size=UDim2.new(0,140,0,35);Quest5Button.Position=UDim2.new(0.5, -70,0,400);Quest5Button.BackgroundColor3=Color3.new(0,0,1);Quest5Button.Text="Quest 5";Quest5Button.TextColor3=Color3.new(1,1,1);Quest5Button.Font=Enum.Font.SourceSansBold;Quest5Button.TextSize=16;Quest5Button.Parent=ScrollingFrame;Quest5Button.MouseButton1Click:Connect(function() local player=game.Players.LocalPlayer;if (player.Character and player.Character:FindFirstChild("HumanoidRootPart")) then player.Character.HumanoidRootPart.CFrame=CFrame.new(3775.02173,764.410583, -2703.53589, -0.524766803, -9.676251e-8, -0.851246059, -8.9444585e-9,1, -1.08157636e-7,0.851246059, -4.9143598e-8, -0.524766803);end end);local HeartButton=Instance.new("TextButton");HeartButton.Size=UDim2.new(0,140,0,35);HeartButton.Position=UDim2.new(0.5, -70,0,445);HeartButton.BackgroundColor3=Color3.new(0,0,1);HeartButton.Text="heart";HeartButton.TextColor3=Color3.new(1,1,1);HeartButton.Font=Enum.Font.SourceSansBold;HeartButton.TextSize=16;HeartButton.Parent=ScrollingFrame;HeartButton.MouseButton1Click:Connect(function() local ScreenGui=Instance.new("ScreenGui");ScreenGui.Parent=game.Players.LocalPlayer:WaitForChild("PlayerGui");local Frame=Instance.new("Frame");Frame.Size=UDim2.new(0,250,0,200);Frame.Position=UDim2.new(0.5, -125,0.5, -100);Frame.BackgroundColor3=Color3.new(0,0,0);Frame.BorderSizePixel=2;Frame.BorderColor3=Color3.new(1,1,1);Frame.Active=true;Frame.Draggable=true;Frame.Parent=ScreenGui;local TitleBar=Instance.new("TextLabel");TitleBar.Size=UDim2.new(1,0,0,30);TitleBar.BackgroundTransparency=1;TitleBar.Text="love your mind world";TitleBar.TextColor3=Color3.new(1,1,1);TitleBar.Font=Enum.Font.SourceSansBold;TitleBar.TextSize=20;TitleBar.Parent=Frame;local YTLabel=Instance.new("TextLabel");YTLabel.Size=UDim2.new(0,100,0,20);YTLabel.Position=UDim2.new(0,0,1, -25);YTLabel.BackgroundTransparency=1;YTLabel.Text="Yt: oxireun";YTLabel.TextColor3=Color3.new(1,1,1);YTLabel.Font=Enum.Font.SourceSans;YTLabel.TextSize=14;YTLabel.Parent=Frame;local CloseButton=Instance.new("TextButton");CloseButton.Size=UDim2.new(0,20,0,20);CloseButton.Position=UDim2.new(1, -30,0,3);CloseButton.BackgroundColor3=Color3.new(0,0,1);CloseButton.Text="X";CloseButton.TextColor3=Color3.new(1,1,1);CloseButton.Font=Enum.Font.SourceSansBold;CloseButton.TextSize=18;CloseButton.Parent=Frame;local MinimizeButton=Instance.new("TextButton");MinimizeButton.Size=UDim2.new(0,25,0,25);MinimizeButton.Position=UDim2.new(1, -70,0,0);MinimizeButton.BackgroundTransparency=1;MinimizeButton.Text="-";MinimizeButton.TextColor3=Color3.new(1,1,1);MinimizeButton.Font=Enum.Font.SourceSansBold;MinimizeButton.TextSize=20;MinimizeButton.Parent=Frame;local CollectButton=Instance.new("TextButton");CollectButton.Size=UDim2.new(0,150,0,40);CollectButton.Position=UDim2.new(0.5, -75,0,70);CollectButton.BackgroundColor3=Color3.new(0,0,1);CollectButton.Text="Start";CollectButton.TextColor3=Color3.new(1,1,1);CollectButton.Font=Enum.Font.SourceSansBold;CollectButton.TextSize=18;CollectButton.Parent=Frame;local minimized=false;MinimizeButton.MouseButton1Click:Connect(function() if minimized then Frame.Size=UDim2.new(0,250,0,200);CollectButton.Visible=true;YTLabel.Visible=true;MinimizeButton.Text="-";else Frame.Size=UDim2.new(0,250,0,30);CollectButton.Visible=false;YTLabel.Visible=false;MinimizeButton.Text="+";end minimized= not minimized;end);CloseButton.MouseButton1Click:Connect(function() ScreenGui:Destroy();end);local isCollecting=false;local heartsFolder=workspace.Obby_Levels.Obby_Mountain.WorldLoot.Hearts;local function teleportToHearts() local player=game.Players.LocalPlayer;local character=player.Character or player.CharacterAdded:Wait() ;local rootPart=character:WaitForChild("HumanoidRootPart");while isCollecting do for _,heart in pairs(heartsFolder:GetChildren()) do if ((heart.Name=="LootCollider_Hearts") and isCollecting) then rootPart.CFrame=heart.CFrame + Vector3.new(0,5,0) ;wait(0.2);end end wait(0.1);end end CollectButton.MouseButton1Click:Connect(function() if isCollecting then isCollecting=false;CollectButton.Text="Start";else isCollecting=true;CollectButton.Text="Stop";teleportToHearts();end end);end);ScrollingFrame.CanvasSize=UDim2.new(0,0,0,480);local minimized=false;MinimizeButton.MouseButton1Click:Connect(function() if minimized then Frame.Size=UDim2.new(0,200,0,340);ScrollingFrame.Visible=true;YTLabel.Visible=true;MinimizeButton.Text="-";else Frame.Size=UDim2.new(0,200,0,30);ScrollingFrame.Visible=false;YTLabel.Visible=false;MinimizeButton.Text="+";end minimized= not minimized;end);CloseButton.MouseButton1Click:Connect(function() ScreenGui:Destroy();end); end
